YBL103C:284-349	100.00000
YOL067C:73-102	41.37931
YJR060W:220-272	34.61539
YIL130W:15-56	29.26829
YOL108C:43-82	28.20513
YOR032C:268-344	27.69231
YOR344C:181-270	26.15385
YHL009C:161-205	25.00000
YPL177C:186-220	23.52941
YFR034C:248-312	23.43750
YBL005W:14-49	22.85714
YHR006W:204-226	22.72727
YAL051W:61-101	22.50000
YGL013C:40-77	21.62162
YBR083W:67-486	21.53846
YML081W:29-869	21.53846
YGL096W:218-251	21.21212
YLR266C:25-68	20.93023
YOL028C:129-187	20.68965
YKR034W:31-65	20.58824
YKL038W:41-85	20.45454
YLR098C:38-78	20.00000
YER169W:522-759	20.00000
YKL015W:28-68	20.00000
YOR337W:64-105	19.51219
YER184C:12-53	19.51219
YOR162C:49-90	19.51219
YNL167C:426-478	18.86792
YMR042W:88-136	18.75000
YBR049C:475-518	18.60465
YDR253C:41-191	18.46154
YEL009C:86-279	18.46154
YCR106W:10-48	18.42105
YFL021W:310-343	18.18182
YDR026C:345-389	18.18182
YBR033W:50-94	18.18182
YIL036W:425-475	18.00000
YGR288W:9-48	17.94872
YDR259C:238-277	17.94872
YLR451W:31-76	17.77778
YDR421W:19-64	17.77778
YDR423C:355-406	17.64706
YDR520C:69-109	17.50000
YMR019W:82-122	17.50000
YDR213W:46-87	17.07317
YIR017C:108-167	16.94915
YNL068C:340-439	16.92308
YPR022C:334-667	16.92308
YPR104C:461-546	16.92308
YLR131C:176-683	16.92308
YML007W:274-648	16.92308
YDL056W:19-93	16.92308
YCR040W:1-175	16.92308
YLR375W:137-295	16.92308
YDL048C:129-442	16.92308
YCL066W:1-175	16.92308
YHL027W:41-545	16.92308
YPL248C:50-643	16.92308
YJL056C:292-834	16.92308
YJR127C:137-990	16.92308
YOR028C:235-295	16.66667
YLR014C:28-70	16.66667
YDR207C:771-801	16.66667
YOR380W:14-50	16.66667
YDR034C:153-195	16.66667
YNR063W:10-46	16.66667
YOR363C:20-56	16.66667
YER088C:75-117	16.66667
YJL089W:40-82	16.66667
YJL103C:14-57	16.27907
YHR178W:21-58	16.21622
YPL089C:9-59	16.00000
YBR182C:9-59	16.00000
YMR043W:24-74	16.00000
YPR008W:2-40	15.78947
YJL127C:351-389	15.78947
YHR056C:9-47	15.78947
YKL062W:573-624	15.68628
YIR013C:53-85	15.62500
YLR013W:72-104	15.62500
YMR016C:437-509	15.38462
YKL043W:209-285	15.38462
YOR113W:391-768	15.38462
YGL209W:1-255	15.38462
YBR297W:4-43	15.38462
YIL131C:303-402	15.38462
YDR146C:215-630	15.38462
YOL089C:130-169	15.38462
YER028C:1-146	15.38462
YGL073W:171-276	15.38462
YOR298C-A:85-137	15.38462
YHR124W:105-330	15.38462
YER130C:1-443	15.38462
YIR018W:61-120	15.25424
YDR096W:828-868	15.00000
YDR303C:8-48	15.00000
YFL052W:3-43	15.00000
YCR097W:72-126	14.81481
YIR023W:149-183	14.70588
YER040W:306-340	14.70588
YGR067C:25-59	14.70588
YJL110C:131-165	14.70588
YKR064W:13-54	14.63415
YKL222C:18-59	14.63415
YLR228C:39-80	14.63415
YJL206C:41-82	14.63415
YML099C:16-57	14.63415
YPR015C:189-238	14.28571
YDR448W:65-107	14.28571
YMR070W:347-368	14.28571
YML027W:177-233	14.28571
YPL133C:11-53	14.28571
YDL106C:78-134	14.28571
YPL021W:132-167	14.28571
YJL176C:526-568	14.28571
YCR018C:168-203	14.28571
YLR278C:48-69	14.28571
YBR239C:35-78	13.95349
YOR172W:25-68	13.95349
YBL054W:77-120	13.95349
YDR043C:21-229	13.84615
YCR065W:109-194	13.84615
YLR176C:278-350	13.84615
YLR403W:57-683	13.84615
YPR013C:17-316	13.84615
YNL216W:360-411	13.72549
YMR168C:9-39	13.33333
YBL066C:51-96	13.33333
YDR123C:235-295	13.33333
YMR021C:2-40	13.15789
YGL166W:2-40	13.15789
YDR216W:105-143	13.15789
YBR240C:24-62	13.15789
YCR096C:43-97	12.96296
YCR039C:134-188	12.96296
YCL067C:134-188	12.96296
YER045C:383-445	12.90323
YBR150C:101-149	12.50000
YLR256W:59-99	12.50000
YHR206W:87-190	12.30769
YOR140W:64-203	12.30769
YPL038W:95-166	12.30769
YJR147W:13-105	12.30769
YBR066C:72-220	12.30769
YNL027W:488-617	12.30769
YGR249W:2-118	12.30769
YKR099W:116-212	12.30769
YDR451C:181-230	12.24490
YMR280C:65-106	12.19512
YLL054C:9-50	12.19512
YDL170W:11-53	11.90476
YMR037C:647-698	11.76471
YGL035C:35-95	11.66667
YGL237C:157-217	11.66667
YKL185W:499-536	10.81081
YPL230W:11-101	10.76923
YER111C:56-122	10.76923
YMR182C:20-96	10.76923
