YBR150C:101-149	100.00000
YOL089C:130-169	61.53846
YHR056C:9-47	44.73684
YGL013C:40-77	43.24324
YBL005W:14-49	40.00000
YDR303C:8-48	37.50000
YER184C:12-53	36.58537
YMR019W:82-122	35.00000
YIL130W:15-56	34.14634
YBR297W:4-43	33.33333
YDR207C:771-801	33.33333
YOR380W:14-50	33.33333
YJL206C:41-82	31.70732
YLR266C:25-68	30.23256
YOR172W:25-68	30.23256
YDR520C:69-109	30.00000
YOR162C:49-90	29.26829
YBR240C:24-62	28.94737
YJL089W:40-82	28.57143
YNR063W:10-46	27.77778
YLR098C:38-78	27.50000
YKL015W:28-68	27.50000
YKL038W:41-85	27.27273
YDR213W:46-87	26.82927
YLR451W:31-76	26.66667
YMR168C:9-39	26.66667
YBL066C:51-96	26.66667
YIR023W:149-183	26.47059
YGR288W:9-48	25.64103
YLR256W:59-99	25.00000
YOR363C:20-56	25.00000
YDR421W:19-64	24.44444
YLR228C:39-80	24.39024
YKR064W:13-54	24.39024
YKL222C:18-59	24.39024
YMR280C:65-106	24.39024
YOR337W:64-105	24.39024
YHR178W:21-58	24.32432
YMR070W:347-368	23.80952
YLR278C:48-69	23.80952
YLR014C:28-70	23.80952
YDL170W:11-53	23.80952
YHR006W:204-226	22.72727
YAL051W:61-101	22.50000
YFL052W:3-43	22.50000
YLL054C:9-50	21.95122
YML099C:16-57	21.95122
YJL103C:14-57	20.93023
YER130C:1-443	20.83333
YBR033W:50-94	20.45454
YDR034C:153-195	19.04762
YPL133C:11-53	19.04762
YHL027W:41-545	18.75000
YER045C:383-445	18.75000
YML081W:29-869	18.75000
YOR028C:235-295	18.75000
YJR127C:137-990	18.75000
YDR253C:41-191	18.75000
YER169W:522-759	18.75000
YLR375W:137-295	18.75000
YOR113W:391-768	18.75000
YML007W:274-648	18.75000
YCR065W:109-194	18.75000
YGL209W:1-255	18.75000
YPL038W:95-166	18.75000
YJL127C:351-389	18.42105
YCR106W:10-48	18.42105
YOL067C:73-102	17.24138
YPL021W:132-167	17.14286
YCR018C:168-203	17.14286
YCR097W:72-126	16.66667
YDR123C:235-295	16.66667
YLR403W:57-683	16.66667
YEL009C:86-279	16.66667
YBR083W:67-486	16.66667
YJL056C:292-834	16.66667
YIR017C:108-167	16.66667
YLR131C:176-683	16.66667
YDR043C:21-229	16.66667
YDR146C:215-630	16.66667
YNL027W:488-617	16.66667
YPL248C:50-643	16.66667
YER028C:1-146	16.66667
YIL036W:425-475	16.66667
YGL035C:35-95	16.66667
YBR239C:35-78	16.27907
YHL009C:161-205	15.90909
YDR216W:105-143	15.78947
YPR008W:2-40	15.78947
YMR021C:2-40	15.78947
YLR013W:72-104	15.62500
YIR013C:53-85	15.62500
YGL096W:218-251	15.15151
YPL177C:186-220	14.70588
YJL110C:131-165	14.70588
YOL028C:129-187	14.58333
YDL106C:78-134	14.58333
YPR104C:461-546	14.58333
YHR206W:87-190	14.58333
YKL043W:209-285	14.58333
YPR013C:17-316	14.58333
YGL237C:157-217	14.58333
YKR099W:116-212	14.58333
YMR182C:20-96	14.58333
YNL167C:426-478	14.58333
YDL056W:19-93	14.58333
YPR022C:334-667	14.58333
YNL068C:340-439	14.58333
YOR140W:64-203	14.58333
YHR124W:105-330	14.58333
YPL230W:11-101	14.58333
YDL048C:129-442	14.58333
YKL062W:573-624	14.58333
YBR066C:72-220	14.58333
YMR016C:437-509	14.58333
YIR018W:61-120	14.58333
YJR060W:220-272	14.58333
YML027W:177-233	14.58333
YDR448W:65-107	14.28571
YGL166W:2-40	13.15789
YDR259C:238-277	12.82051
YOL108C:43-82	12.82051
YMR042W:88-136	12.50000
YOR032C:268-344	12.50000
YGL073W:171-276	12.50000
YDR096W:828-868	12.50000
YPR015C:189-238	12.50000
YDR451C:181-230	12.50000
YMR037C:647-698	12.50000
YPL089C:9-59	12.50000
YBL103C:284-349	12.50000
YER111C:56-122	12.50000
YOR298C-A:85-137	12.50000
YBR182C:9-59	12.50000
YLR176C:278-350	12.50000
YNL216W:360-411	12.50000
YCL066W:1-175	12.50000
YIL131C:303-402	12.50000
YCR040W:1-175	12.50000
YDR423C:355-406	12.50000
YJR147W:13-105	12.50000
YFL021W:310-343	12.12121
YER088C:75-117	11.90476
YJL176C:526-568	11.90476
YER040W:306-340	11.76471
YKR034W:31-65	11.76471
YGR067C:25-59	11.76471
YBL054W:77-120	11.62791
YBR049C:475-518	11.62791
YDR026C:345-389	11.36364
YKL185W:499-536	10.81081
YFR034C:248-312	10.41667
YCL067C:134-188	10.41667
YCR096C:43-97	10.41667
YGR249W:2-118	10.41667
YMR043W:24-74	10.41667
YOR344C:181-270	10.41667
YCR039C:134-188	10.41667
