YDR207C:771-801	100.00000
YML099C:16-57	46.66667
YLR228C:39-80	43.33333
YOR363C:20-56	43.33333
YAL051W:61-101	43.33333
YBR240C:24-62	43.33333
YDL170W:11-53	43.33333
YDR213W:46-87	40.00000
YLR266C:25-68	40.00000
YHR178W:21-58	40.00000
YLR014C:28-70	40.00000
YLR256W:59-99	40.00000
YDR034C:153-195	40.00000
YJL089W:40-82	36.66667
YCR106W:10-48	36.66667
YOR337W:64-105	36.66667
YBR150C:101-149	33.33333
YKL222C:18-59	33.33333
YHR056C:9-47	33.33333
YDR303C:8-48	33.33333
YGR288W:9-48	33.33333
YLL054C:9-50	33.33333
YMR019W:82-122	30.00000
YKL038W:41-85	30.00000
YBL005W:14-49	30.00000
YMR280C:65-106	30.00000
YOR162C:49-90	30.00000
YOR380W:14-50	30.00000
YOR172W:25-68	26.66667
YJL206C:41-82	26.66667
YDR520C:69-109	26.66667
YBR297W:4-43	26.66667
YOL089C:130-169	26.66667
YNR063W:10-46	26.66667
YLR098C:38-78	26.66667
YER184C:12-53	26.66667
YDR421W:19-64	26.66667
YGL013C:40-77	26.66667
YLR278C:48-69	23.80952
YIL130W:15-56	23.33333
YKL015W:28-68	23.33333
YIL036W:425-475	23.33333
YOR113W:391-768	23.33333
YNL167C:426-478	23.33333
YKR064W:13-54	23.33333
YJL056C:292-834	23.33333
YML007W:274-648	23.33333
YCL066W:1-175	23.33333
YLR403W:57-683	23.33333
YHR206W:87-190	23.33333
YBL066C:51-96	23.33333
YMR168C:9-39	23.33333
YFL052W:3-43	23.33333
YCR040W:1-175	23.33333
YPL248C:50-643	23.33333
YDL048C:129-442	23.33333
YIR023W:149-183	23.33333
YKL043W:209-285	20.00000
YLR375W:137-295	20.00000
YIR017C:108-167	20.00000
YDR026C:345-389	20.00000
YER028C:1-146	20.00000
YBR239C:35-78	20.00000
YJL103C:14-57	20.00000
YJR127C:137-990	20.00000
YER130C:1-443	20.00000
YKL062W:573-624	20.00000
YDR146C:215-630	20.00000
YOR028C:235-295	20.00000
YGL237C:157-217	20.00000
YEL009C:86-279	20.00000
YBR083W:67-486	20.00000
YLR451W:31-76	20.00000
YGL209W:1-255	20.00000
YBR066C:72-220	20.00000
YPL038W:95-166	20.00000
YER045C:383-445	20.00000
YDR043C:21-229	20.00000
YDL106C:78-134	20.00000
YMR021C:2-40	16.66667
YDR123C:235-295	16.66667
YKR034W:31-65	16.66667
YPR104C:461-546	16.66667
YFL021W:310-343	16.66667
YGL166W:2-40	16.66667
YHL027W:41-545	16.66667
YJL110C:131-165	16.66667
YOL108C:43-82	16.66667
YMR037C:647-698	16.66667
YML027W:177-233	16.66667
YMR182C:20-96	16.66667
YMR016C:437-509	16.66667
YGL035C:35-95	16.66667
YCR039C:134-188	16.66667
YLR131C:176-683	16.66667
YNL068C:340-439	16.66667
YBL103C:284-349	16.66667
YBR033W:50-94	16.66667
YDR253C:41-191	16.66667
YBR049C:475-518	16.66667
YPL021W:132-167	16.66667
YPL133C:11-53	16.66667
YLR176C:278-350	16.66667
YCR096C:43-97	16.66667
YHR124W:105-330	16.66667
YCL067C:134-188	16.66667
YDR216W:105-143	16.66667
YKL185W:499-536	16.66667
YPL230W:11-101	16.66667
YER111C:56-122	16.66667
YNL027W:488-617	16.66667
YNL216W:360-411	16.66667
YDR259C:238-277	16.66667
YDR448W:65-107	16.66667
YML081W:29-869	16.66667
YDR451C:181-230	16.66667
YDR096W:828-868	16.66667
YER169W:522-759	16.66667
YIR018W:61-120	16.66667
YKR099W:116-212	16.66667
YBL054W:77-120	16.66667
YPR015C:189-238	16.66667
YER088C:75-117	16.66667
YDR423C:355-406	16.66667
YPR013C:17-316	16.66667
YOL028C:129-187	16.66667
YOR032C:268-344	16.66667
YMR042W:88-136	16.66667
YJL127C:351-389	16.66667
YPR022C:334-667	16.66667
YMR070W:347-368	14.28571
YHR006W:204-226	13.63636
YBR182C:9-59	13.33333
YPR008W:2-40	13.33333
YLR013W:72-104	13.33333
YGL073W:171-276	13.33333
YJL176C:526-568	13.33333
YGR249W:2-118	13.33333
YMR043W:24-74	13.33333
YIL131C:303-402	13.33333
YGL096W:218-251	13.33333
YPL089C:9-59	13.33333
YJR147W:13-105	13.33333
YOR344C:181-270	13.33333
YCR097W:72-126	13.33333
YOR140W:64-203	13.33333
YOR298C-A:85-137	13.33333
YCR018C:168-203	13.33333
YIR013C:53-85	13.33333
YDL056W:19-93	13.33333
YJR060W:220-272	13.33333
YGR067C:25-59	13.33333
YFR034C:248-312	13.33333
YCR065W:109-194	13.33333
YER040W:306-340	13.33333
YHL009C:161-205	13.33333
YOL067C:73-102	10.34483
YPL177C:186-220	10.00000
