YER040W:306-340	100.00000
YKR034W:31-65	67.64706
YFL021W:310-343	66.66667
YJL110C:131-165	64.70588
YLR013W:72-104	34.37500
YIR013C:53-85	31.25000
YKL185W:499-536	29.41176
YBR066C:72-220	26.47059
YCR018C:168-203	26.47059
YMR070W:347-368	23.80952
YPL021W:132-167	23.52941
YER169W:522-759	23.52941
YDL056W:19-93	23.52941
YEL009C:86-279	23.52941
YOR028C:235-295	23.52941
YPR022C:334-667	23.52941
YHL027W:41-545	23.52941
YML081W:29-869	23.52941
YGL209W:1-255	20.58824
YFL052W:3-43	20.58824
YPR013C:17-316	20.58824
YDR146C:215-630	20.58824
YJL103C:14-57	20.58824
YPL248C:50-643	20.58824
YML007W:274-648	20.58824
YLR451W:31-76	20.58824
YJR060W:220-272	20.58824
YJR127C:137-990	20.58824
YKR064W:13-54	20.58824
YDR043C:21-229	20.58824
YLR131C:176-683	20.58824
YMR168C:9-39	20.00000
YLR278C:48-69	19.04762
YCR065W:109-194	17.64706
YOR344C:181-270	17.64706
YER028C:1-146	17.64706
YNL027W:488-617	17.64706
YAL051W:61-101	17.64706
YMR037C:647-698	17.64706
YOR113W:391-768	17.64706
YDR213W:46-87	17.64706
YBR240C:24-62	17.64706
YBR083W:67-486	17.64706
YCR097W:72-126	17.64706
YDL106C:78-134	17.64706
YMR019W:82-122	17.64706
YER130C:1-443	17.64706
YBR239C:35-78	17.64706
YPL038W:95-166	17.64706
YJL056C:292-834	17.64706
YHR206W:87-190	17.64706
YGR249W:2-118	17.64706
YPL089C:9-59	17.64706
YDR216W:105-143	17.64706
YLR375W:137-295	17.64706
YPR104C:461-546	17.64706
YPL133C:11-53	17.64706
YOR337W:64-105	17.64706
YNL068C:340-439	17.64706
YBR182C:9-59	17.64706
YER111C:56-122	17.64706
YIL131C:303-402	17.64706
YDR096W:828-868	17.64706
YBR297W:4-43	17.64706
YIR023W:149-183	17.64706
YDL170W:11-53	17.64706
YBL005W:14-49	17.64706
YDR520C:69-109	17.64706
YOR032C:268-344	17.64706
YPR015C:189-238	17.64706
YOR162C:49-90	17.64706
YLR403W:57-683	17.64706
YPL230W:11-101	17.64706
YGL096W:218-251	15.15151
YDR451C:181-230	14.70588
YMR182C:20-96	14.70588
YMR280C:65-106	14.70588
YGR288W:9-48	14.70588
YPR008W:2-40	14.70588
YBL066C:51-96	14.70588
YJL089W:40-82	14.70588
YFR034C:248-312	14.70588
YCR039C:134-188	14.70588
YDL048C:129-442	14.70588
YKL062W:573-624	14.70588
YDR026C:345-389	14.70588
YGL237C:157-217	14.70588
YBL103C:284-349	14.70588
YMR043W:24-74	14.70588
YLR266C:25-68	14.70588
YIR018W:61-120	14.70588
YKR099W:116-212	14.70588
YER184C:12-53	14.70588
YDR259C:238-277	14.70588
YMR016C:437-509	14.70588
YDR303C:8-48	14.70588
YCR106W:10-48	14.70588
YCL067C:134-188	14.70588
YER045C:383-445	14.70588
YLR228C:39-80	14.70588
YMR042W:88-136	14.70588
YGL013C:40-77	14.70588
YGR067C:25-59	14.70588
YNL167C:426-478	14.70588
YDR421W:19-64	14.70588
YLR256W:59-99	14.70588
YCR096C:43-97	14.70588
YLR098C:38-78	14.70588
YJR147W:13-105	14.70588
YIR017C:108-167	14.70588
YOL028C:129-187	14.70588
YHR124W:105-330	14.70588
YML027W:177-233	14.70588
YLR176C:278-350	14.70588
YOR172W:25-68	14.70588
YDR253C:41-191	14.70588
YDR123C:235-295	14.70588
YMR021C:2-40	14.70588
YCR040W:1-175	14.70588
YKL043W:209-285	14.70588
YHR056C:9-47	14.70588
YOR298C-A:85-137	14.70588
YCL066W:1-175	14.70588
YOL067C:73-102	13.79310
YHR006W:204-226	13.63636
YDR207C:771-801	13.33333
YOR380W:14-50	11.76471
YNL216W:360-411	11.76471
YBL054W:77-120	11.76471
YBR049C:475-518	11.76471
YGL073W:171-276	11.76471
YJL176C:526-568	11.76471
YML099C:16-57	11.76471
YER088C:75-117	11.76471
YKL038W:41-85	11.76471
YBR150C:101-149	11.76471
YJL127C:351-389	11.76471
YDR423C:355-406	11.76471
YKL222C:18-59	11.76471
YGL035C:35-95	11.76471
YLR014C:28-70	11.76471
YOR140W:64-203	11.76471
YHL009C:161-205	11.76471
YIL036W:425-475	11.76471
YGL166W:2-40	11.76471
YBR033W:50-94	11.76471
YOR363C:20-56	11.76471
YNR063W:10-46	11.76471
YOL089C:130-169	11.76471
YJL206C:41-82	11.76471
YPL177C:186-220	11.76471
YLL054C:9-50	11.76471
YKL015W:28-68	11.76471
YOL108C:43-82	11.76471
YIL130W:15-56	11.76471
YHR178W:21-58	11.76471
YDR034C:153-195	11.76471
YDR448W:65-107	8.82353
