YHL027W:41-545	100.00000
YMR070W:347-368	52.38095
YGR067C:25-59	35.29412
YKL062W:573-624	33.33333
YHR006W:204-226	31.81818
YDR216W:105-143	31.57895
YMR037C:647-698	31.37255
YMR182C:20-96	27.63158
YDR096W:828-868	27.50000
YMR168C:9-39	26.66667
YBL005W:14-49	25.71429
YGL035C:35-95	25.00000
YLR228C:39-80	24.39024
YPL038W:95-166	23.94366
YLR014C:28-70	23.80952
YJL176C:526-568	23.80952
YJL127C:351-389	23.68421
YER040W:306-340	23.52941
YPL230W:11-101	23.33333
YLR266C:25-68	23.25581
YOL108C:43-82	23.07692
YDR520C:69-109	22.50000
YOR363C:20-56	22.22222
YKL222C:18-59	21.95122
YDR213W:46-87	21.95122
YLR013W:72-104	21.87500
YNL027W:488-617	21.70543
YKL185W:499-536	21.62162
YGL013C:40-77	21.62162
YDR034C:153-195	21.42857
YFL021W:310-343	21.21212
YPR008W:2-40	21.05263
YGL166W:2-40	21.05263
YJL103C:14-57	20.93023
YOR172W:25-68	20.93023
YBR239C:35-78	20.93023
YBL054W:77-120	20.93023
YOL067C:73-102	20.68965
YJL110C:131-165	20.58824
YKR034W:31-65	20.58824
YPL177C:186-220	20.58824
YGR288W:9-48	20.51282
YDR259C:238-277	20.51282
YPR015C:189-238	20.40816
YDR303C:8-48	20.00000
YBR182C:9-59	20.00000
YDR421W:19-64	20.00000
YCR018C:168-203	20.00000
YMR019W:82-122	20.00000
YFL052W:3-43	20.00000
YPL021W:132-167	20.00000
YLR098C:38-78	20.00000
YLR256W:59-99	20.00000
YML099C:16-57	19.51219
YOR162C:49-90	19.51219
YER184C:12-53	19.51219
YLL054C:9-50	19.51219
YMR280C:65-106	19.51219
YNR063W:10-46	19.44444
YJR060W:220-272	19.23077
YLR278C:48-69	19.04762
YJL089W:40-82	19.04762
YDL170W:11-53	19.04762
YPL133C:11-53	19.04762
YHR178W:21-58	18.91892
YMR042W:88-136	18.75000
YBR150C:101-149	18.75000
YIR013C:53-85	18.75000
YBR049C:475-518	18.60465
YCR039C:134-188	18.51852
YCR097W:72-126	18.51852
YCL067C:134-188	18.51852
YCR096C:43-97	18.51852
YMR021C:2-40	18.42105
YBR240C:24-62	18.42105
YCR106W:10-48	18.42105
YHR056C:9-47	18.42105
YOR028C:235-295	18.33333
YHL009C:161-205	18.18182
YDR026C:345-389	18.18182
YKL038W:41-85	18.18182
YBR033W:50-94	18.18182
YGL096W:218-251	18.18182
YIL036W:425-475	18.00000
YMR043W:24-74	18.00000
YOL089C:130-169	17.94872
YBR297W:4-43	17.94872
YER028C:1-146	17.93103
YBL066C:51-96	17.77778
YIR023W:149-183	17.64706
YDR423C:355-406	17.64706
YAL051W:61-101	17.50000
YKL015W:28-68	17.50000
YOR298C-A:85-137	17.30769
YJL206C:41-82	17.07317
YIL130W:15-56	17.07317
YKR064W:13-54	17.07317
YOR337W:64-105	17.07317
YBL103C:284-349	16.92308
YDR253C:41-191	16.66667
YDR207C:771-801	16.66667
YDR448W:65-107	16.66667
YER088C:75-117	16.66667
YLR176C:278-350	16.66667
YOR380W:14-50	16.66667
YDR451C:181-230	16.32653
YDL056W:19-93	16.21622
YML027W:177-233	16.07143
YPL089C:9-59	16.00000
YLR375W:137-295	15.82278
YKL043W:209-285	15.78947
YOR344C:181-270	15.73034
YFR034C:248-312	15.62500
YLR451W:31-76	15.55556
YOL028C:129-187	15.51724
YCR065W:109-194	15.29412
YIR018W:61-120	15.25424
YGL073W:171-276	15.23809
YJR147W:13-105	15.21739
YER111C:56-122	15.15151
YNL167C:426-478	15.09434
YGL237C:157-217	15.00000
YCL066W:1-175	14.94253
YCR040W:1-175	14.94253
YKR099W:116-212	14.58333
YGL209W:1-255	14.56693
YHR206W:87-190	14.56311
YER045C:383-445	14.51613
YOR032C:268-344	14.47368
YOR140W:64-203	14.38849
YDL106C:78-134	14.28571
YIL131C:303-402	14.14141
YPR104C:461-546	14.11765
YML007W:274-648	13.90374
YMR016C:437-509	13.88889
YGR249W:2-118	13.79310
YHR124W:105-330	13.77778
YNL216W:360-411	13.72549
YIR017C:108-167	13.55932
YBR066C:72-220	13.51351
YDR043C:21-229	13.46154
YDR123C:235-295	13.33333
YNL068C:340-439	13.13131
YER169W:522-759	13.08017
YEL009C:86-279	12.95337
YDR146C:215-630	12.53012
YBR083W:67-486	12.41050
YJR127C:137-990	11.90476
YDL048C:129-442	11.82109
YPR022C:334-667	11.71171
YPL248C:50-643	11.70635
YOR113W:391-768	11.40584
YML081W:29-869	11.11111
YJL056C:292-834	10.91270
YLR403W:57-683	10.91270
YER130C:1-443	10.63348
YPR013C:17-316	10.36789
YLR131C:176-683	10.11905
