YKR099W:116-212	100.00000
YBR049C:475-518	34.88372
YDR026C:345-389	34.09091
YER088C:75-117	26.19048
YJL176C:526-568	26.19048
YBL054W:77-120	25.58140
YMR070W:347-368	23.80952
YKL038W:41-85	22.72727
YDR423C:355-406	21.56863
YPL133C:11-53	21.42857
YOL067C:73-102	20.68965
YGR288W:9-48	20.51282
YDR259C:238-277	20.51282
YBR297W:4-43	20.51282
YPL021W:132-167	20.00000
YJL089W:40-82	19.04762
YDR448W:65-107	19.04762
YLR278C:48-69	19.04762
YGL013C:40-77	18.91892
YHR178W:21-58	18.91892
YIR013C:53-85	18.75000
YLR013W:72-104	18.75000
YIR018W:61-120	18.64407
YJL103C:14-57	18.60465
YCR106W:10-48	18.42105
YJL127C:351-389	18.42105
YGL166W:2-40	18.42105
YGL237C:157-217	18.33333
YHL009C:161-205	18.18182
YGL096W:218-251	18.18182
YHR006W:204-226	18.18182
YOL108C:43-82	17.94872
YOL089C:130-169	17.94872
YOR113W:391-768	17.70833
YNL216W:360-411	17.64706
YPL177C:186-220	17.64706
YLR256W:59-99	17.50000
YFL052W:3-43	17.50000
YMR019W:82-122	17.50000
YDR303C:8-48	17.50000
YKL015W:28-68	17.50000
YCR018C:168-203	17.14286
YML099C:16-57	17.07317
YMR280C:65-106	17.07317
YIL130W:15-56	17.07317
YOR162C:49-90	17.07317
YER184C:12-53	17.07317
YDL170W:11-53	16.66667
YMR168C:9-39	16.66667
YNR063W:10-46	16.66667
YDR207C:771-801	16.66667
YER169W:522-759	16.66667
YCR097W:72-126	16.66667
YML081W:29-869	16.66667
YOR380W:14-50	16.66667
YOR363C:20-56	16.66667
YBR239C:35-78	16.27907
YHR056C:9-47	15.78947
YPR008W:2-40	15.78947
YMR021C:2-40	15.78947
YDR216W:105-143	15.78947
YJL056C:292-834	15.62500
YHR124W:105-330	15.62500
YBR083W:67-486	15.62500
YDR253C:41-191	15.62500
YER130C:1-443	15.62500
YDR043C:21-229	15.62500
YBL066C:51-96	15.55556
YLR451W:31-76	15.55556
YCR065W:109-194	15.29412
YFL021W:310-343	15.15151
YER111C:56-122	15.15151
YNL167C:426-478	15.09434
YOR028C:235-295	15.00000
YLR098C:38-78	15.00000
YDR520C:69-109	15.00000
YGL035C:35-95	15.00000
YDR096W:828-868	15.00000
YCR039C:134-188	14.81481
YCL067C:134-188	14.81481
YCR096C:43-97	14.81481
YGR067C:25-59	14.70588
YJL110C:131-165	14.70588
YER040W:306-340	14.70588
YIR023W:149-183	14.70588
YKR034W:31-65	14.70588
YOR337W:64-105	14.63415
YLL054C:9-50	14.63415
YDR213W:46-87	14.63415
YKL222C:18-59	14.63415
YKR064W:13-54	14.63415
YLR228C:39-80	14.63415
YJL206C:41-82	14.63415
YHL027W:41-545	14.58333
YLR131C:176-683	14.58333
YEL009C:86-279	14.58333
YPR013C:17-316	14.58333
YBR150C:101-149	14.58333
YER045C:383-445	14.51613
YLR014C:28-70	14.28571
YDR034C:153-195	14.28571
YDR451C:181-230	14.28571
YDL106C:78-134	14.28571
YBL005W:14-49	14.28571
YPL038W:95-166	14.08451
YFR034C:248-312	14.06250
YIL036W:425-475	14.00000
YOR172W:25-68	13.95349
YLR266C:25-68	13.95349
YLR176C:278-350	13.88889
YOL028C:129-187	13.79310
YBR033W:50-94	13.63636
YIR017C:108-167	13.55932
YGL209W:1-255	13.54167
YDR146C:215-630	13.54167
YJR127C:137-990	13.54167
YNL027W:488-617	13.54167
YDL048C:129-442	13.54167
YPL248C:50-643	13.54167
YBR066C:72-220	13.54167
YKL185W:499-536	13.51351
YJR060W:220-272	13.46154
YOR298C-A:85-137	13.46154
YDR123C:235-295	13.33333
YDR421W:19-64	13.33333
YKL043W:209-285	13.15789
YLR403W:57-683	12.50000
YER028C:1-146	12.50000
YMR042W:88-136	12.50000
YPR022C:334-667	12.50000
YNL068C:340-439	12.50000
YOR140W:64-203	12.50000
YMR016C:437-509	12.50000
YML027W:177-233	12.50000
YAL051W:61-101	12.50000
YOR344C:181-270	12.35955
YBL103C:284-349	12.30769
YPR015C:189-238	12.24490
YDL056W:19-93	12.16216
YBR182C:9-59	12.00000
YMR043W:24-74	12.00000
YPL089C:9-59	12.00000
YOR032C:268-344	11.84211
YKL062W:573-624	11.76471
YMR037C:647-698	11.76471
YGL073W:171-276	11.45833
YCR040W:1-175	11.45833
YGR249W:2-118	11.45833
YCL066W:1-175	11.45833
YIL131C:303-402	11.45833
YBR240C:24-62	10.52632
YMR182C:20-96	10.52632
YHR206W:87-190	10.41667
YLR375W:137-295	10.41667
YML007W:274-648	10.41667
YJR147W:13-105	9.78261
YPR104C:461-546	9.41177
YPL230W:11-101	8.88889
