YLR403W:57-683	100.00000
YMR070W:347-368	38.09524
YDR096W:828-868	27.50000
YLR013W:72-104	25.00000
YIL130W:15-56	24.39024
YKL185W:499-536	24.32432
YFL021W:310-343	24.24242
YOL067C:73-102	24.13793
YGL166W:2-40	23.68421
YGR067C:25-59	23.52941
YDR207C:771-801	23.33333
YDR259C:238-277	23.07692
YPL021W:132-167	22.85714
YHR006W:204-226	22.72727
YAL051W:61-101	22.50000
YDR213W:46-87	21.95122
YGL035C:35-95	21.66667
YPL230W:11-101	21.11111
YJL127C:351-389	21.05263
YHR056C:9-47	21.05263
YDR216W:105-143	21.05263
YMR021C:2-40	21.05263
YPR008W:2-40	21.05263
YBL054W:77-120	20.93023
YBR049C:475-518	20.93023
YMR042W:88-136	20.83333
YPR015C:189-238	20.40816
YDR303C:8-48	20.00000
YMR168C:9-39	20.00000
YBL066C:51-96	20.00000
YMR019W:82-122	20.00000
YLR256W:59-99	20.00000
YMR182C:20-96	19.73684
YPL038W:95-166	19.71831
YDR423C:355-406	19.60784
YMR037C:647-698	19.60784
YKL222C:18-59	19.51219
YER184C:12-53	19.51219
YNR063W:10-46	19.44444
YOR298C-A:85-137	19.23077
YER088C:75-117	19.04762
YLR278C:48-69	19.04762
YJL089W:40-82	19.04762
YDR034C:153-195	19.04762
YPL133C:11-53	19.04762
YDR448W:65-107	19.04762
YGL013C:40-77	18.91892
YIR013C:53-85	18.75000
YFR034C:248-312	18.75000
YIR018W:61-120	18.64407
YCR039C:134-188	18.51852
YCR096C:43-97	18.51852
YCR097W:72-126	18.51852
YCL067C:134-188	18.51852
YCR106W:10-48	18.42105
YBR240C:24-62	18.42105
YDR451C:181-230	18.36735
YHL009C:161-205	18.18182
YKL038W:41-85	18.18182
YDR026C:345-389	18.18182
YGL096W:218-251	18.18182
YMR043W:24-74	18.00000
YOL108C:43-82	17.94872
YBR297W:4-43	17.94872
YOL089C:130-169	17.94872
YML027W:177-233	17.85714
YDR421W:19-64	17.77778
YPL177C:186-220	17.64706
YKR034W:31-65	17.64706
YJL110C:131-165	17.64706
YIR023W:149-183	17.64706
YER040W:306-340	17.64706
YDR520C:69-109	17.50000
YFL052W:3-43	17.50000
YLR098C:38-78	17.50000
YNL068C:340-439	17.17172
YCR018C:168-203	17.14286
YBL005W:14-49	17.14286
YKL043W:209-285	17.10526
YKR064W:13-54	17.07317
YLR228C:39-80	17.07317
YJL206C:41-82	17.07317
YLL054C:9-50	17.07317
YNL167C:426-478	16.98113
YOR344C:181-270	16.85393
YLR014C:28-70	16.66667
YDR123C:235-295	16.66667
YBR150C:101-149	16.66667
YLR176C:278-350	16.66667
YOR363C:20-56	16.66667
YDL170W:11-53	16.66667
YOR380W:14-50	16.66667
YOR172W:25-68	16.27907
YBR239C:35-78	16.27907
YJL103C:14-57	16.27907
YLR266C:25-68	16.27907
YDL056W:19-93	16.21622
YHR178W:21-58	16.21622
YIL131C:303-402	16.16162
YER045C:383-445	16.12903
YIL036W:425-475	16.00000
YBR182C:9-59	16.00000
YPL089C:9-59	16.00000
YBR033W:50-94	15.90909
YOR140W:64-203	15.82734
YOR032C:268-344	15.78947
YKL062W:573-624	15.68628
YNL216W:360-411	15.68628
YER169W:522-759	15.61181
YLR451W:31-76	15.55556
YGR249W:2-118	15.51724
YOL028C:129-187	15.51724
YGR288W:9-48	15.38462
YJR060W:220-272	15.38462
YCR065W:109-194	15.29412
YMR016C:437-509	15.27778
YIR017C:108-167	15.25424
YER111C:56-122	15.15151
YKL015W:28-68	15.00000
YOR028C:235-295	15.00000
YBR066C:72-220	14.86486
YML099C:16-57	14.63415
YMR280C:65-106	14.63415
YOR337W:64-105	14.63415
YOR162C:49-90	14.63415
YJL176C:526-568	14.28571
YDL106C:78-134	14.28571
YJR147W:13-105	14.13044
YDL048C:129-442	14.05751
YNL027W:488-617	13.95349
YML007W:274-648	13.90374
YBL103C:284-349	13.84615
YGL209W:1-255	13.77953
YHR206W:87-190	13.59223
YGL073W:171-276	13.33333
YDR253C:41-191	13.33333
YGL237C:157-217	13.33333
YEL009C:86-279	12.95337
YPR104C:461-546	12.94118
YML081W:29-869	12.77955
YPR013C:17-316	12.70903
YLR375W:137-295	12.65823
YJR127C:137-990	12.61981
YDR146C:215-630	12.53012
YKR099W:116-212	12.50000
YER028C:1-146	12.41379
YCR040W:1-175	12.06897
YCL066W:1-175	12.06897
YDR043C:21-229	12.01923
YJL056C:292-834	11.99262
YLR131C:176-683	11.83432
YHR124W:105-330	11.55556
YER130C:1-443	11.53846
YBR083W:67-486	11.45585
YPR022C:334-667	11.41141
YOR113W:391-768	11.40584
YPL248C:50-643	10.96121
YHL027W:41-545	10.91270
