YML099C:16-57	100.00000
YDR207C:771-801	46.66667
YBR240C:24-62	42.10526
YOR363C:20-56	41.66667
YLR228C:39-80	39.02439
YLR014C:28-70	39.02439
YDR213W:46-87	39.02439
YAL051W:61-101	37.50000
YLR256W:59-99	37.50000
YHR056C:9-47	36.84210
YJL089W:40-82	36.58537
YDR421W:19-64	34.14634
YLR266C:25-68	34.14634
YMR070W:347-368	33.33333
YLR278C:48-69	33.33333
YDR303C:8-48	32.50000
YHR178W:21-58	32.43243
YMR280C:65-106	31.70732
YKL222C:18-59	31.70732
YOR337W:64-105	31.70732
YLL054C:9-50	31.70732
YOR162C:49-90	31.70732
YCR106W:10-48	31.57895
YBR297W:4-43	30.76923
YNR063W:10-46	30.55556
YMR168C:9-39	30.00000
YBL066C:51-96	29.26829
YDR034C:153-195	29.26829
YDL170W:11-53	29.26829
YOR172W:25-68	29.26829
YGR288W:9-48	28.20513
YLR451W:31-76	26.82927
YIL130W:15-56	26.82927
YBL005W:14-49	25.71429
YOL089C:130-169	25.64103
YFL052W:3-43	25.00000
YKL015W:28-68	25.00000
YOR380W:14-50	25.00000
YMR019W:82-122	25.00000
YLR098C:38-78	25.00000
YDR520C:69-109	25.00000
YJL206C:41-82	24.39024
YJL103C:14-57	24.39024
YGL013C:40-77	24.32432
YIR023W:149-183	23.52941
YDR253C:41-191	21.95122
YKR064W:13-54	21.95122
YDL048C:129-442	21.95122
YLR131C:176-683	21.95122
YBR150C:101-149	21.95122
YBR239C:35-78	19.51219
YBR033W:50-94	19.51219
YPL038W:95-166	19.51219
YEL009C:86-279	19.51219
YPL133C:11-53	19.51219
YJR127C:137-990	19.51219
YHL027W:41-545	19.51219
YKL038W:41-85	19.51219
YKL062W:573-624	19.51219
YGL096W:218-251	18.18182
YFL021W:310-343	18.18182
YHR006W:204-226	18.18182
YJL110C:131-165	17.64706
YGR067C:25-59	17.64706
YDR043C:21-229	17.07317
YOR140W:64-203	17.07317
YBR083W:67-486	17.07317
YDR146C:215-630	17.07317
YER184C:12-53	17.07317
YER130C:1-443	17.07317
YHR124W:105-330	17.07317
YKR099W:116-212	17.07317
YCL066W:1-175	17.07317
YLR176C:278-350	17.07317
YCR040W:1-175	17.07317
YPR022C:334-667	17.07317
YPL230W:11-101	17.07317
YML081W:29-869	17.07317
YDR123C:235-295	17.07317
YPR015C:189-238	17.07317
YKL185W:499-536	16.21622
YDR216W:105-143	15.78947
YJL127C:351-389	15.78947
YLR013W:72-104	15.62500
YDR259C:238-277	15.38462
YDR096W:828-868	15.00000
YPL177C:186-220	14.70588
YKR034W:31-65	14.70588
YJR060W:220-272	14.63415
YHR206W:87-190	14.63415
YDR026C:345-389	14.63415
YDL106C:78-134	14.63415
YGR249W:2-118	14.63415
YLR403W:57-683	14.63415
YMR043W:24-74	14.63415
YIL036W:425-475	14.63415
YBR182C:9-59	14.63415
YPL089C:9-59	14.63415
YMR037C:647-698	14.63415
YBR049C:475-518	14.63415
YIR017C:108-167	14.63415
YER028C:1-146	14.63415
YER169W:522-759	14.63415
YCR097W:72-126	14.63415
YIL131C:303-402	14.63415
YOL028C:129-187	14.63415
YJL056C:292-834	14.63415
YMR182C:20-96	14.63415
YML027W:177-233	14.63415
YOR032C:268-344	14.63415
YER045C:383-445	14.63415
YIR018W:61-120	14.63415
YDR451C:181-230	14.63415
YER088C:75-117	14.63415
YNL068C:340-439	14.63415
YPR013C:17-316	14.63415
YBL103C:284-349	14.63415
YBR066C:72-220	14.63415
YML007W:274-648	14.63415
YGL073W:171-276	14.63415
YOR113W:391-768	14.63415
YDL056W:19-93	14.63415
YGL209W:1-255	14.63415
YMR042W:88-136	14.63415
YNL027W:488-617	14.63415
YLR375W:137-295	14.63415
YPL248C:50-643	14.63415
YCR018C:168-203	14.28571
YPL021W:132-167	14.28571
YOL067C:73-102	13.79310
YPR008W:2-40	13.15789
YGL166W:2-40	13.15789
YMR021C:2-40	13.15789
YOL108C:43-82	12.82051
YIR013C:53-85	12.50000
YHL009C:161-205	12.19512
YKL043W:209-285	12.19512
YDR423C:355-406	12.19512
YGL035C:35-95	12.19512
YOR298C-A:85-137	12.19512
YCR065W:109-194	12.19512
YPR104C:461-546	12.19512
YOR344C:181-270	12.19512
YBL054W:77-120	12.19512
YNL216W:360-411	12.19512
YJL176C:526-568	12.19512
YNL167C:426-478	12.19512
YDR448W:65-107	12.19512
YJR147W:13-105	12.19512
YOR028C:235-295	12.19512
YER111C:56-122	12.19512
YMR016C:437-509	12.19512
YGL237C:157-217	12.19512
YER040W:306-340	11.76471
YFR034C:248-312	9.75610
YCR039C:134-188	9.75610
YCL067C:134-188	9.75610
YCR096C:43-97	9.75610
