YMR042W:88-136	100.00000
YMR043W:24-74	77.08333
YPL089C:9-59	41.66667
YBR182C:9-59	39.58333
YPL133C:11-53	23.80952
YJR127C:137-990	22.91667
YDR520C:69-109	22.50000
YBR240C:24-62	21.05263
YLR403W:57-683	20.83333
YHR124W:105-330	20.83333
YGL209W:1-255	20.83333
YPL248C:50-643	20.83333
YER028C:1-146	20.83333
YOL067C:73-102	20.68965
YHR178W:21-58	18.91892
YBR083W:67-486	18.75000
YOR028C:235-295	18.75000
YER169W:522-759	18.75000
YDR253C:41-191	18.75000
YLR131C:176-683	18.75000
YHL027W:41-545	18.75000
YML007W:274-648	18.75000
YER130C:1-443	18.75000
YBL103C:284-349	18.75000
YDR043C:21-229	18.75000
YFL021W:310-343	18.18182
YKR034W:31-65	17.64706
YJL110C:131-165	17.64706
YPL021W:132-167	17.14286
YDR213W:46-87	17.07317
YNL068C:340-439	16.66667
YDL056W:19-93	16.66667
YIL131C:303-402	16.66667
YNL027W:488-617	16.66667
YCL067C:134-188	16.66667
YDR123C:235-295	16.66667
YCL066W:1-175	16.66667
YPR022C:334-667	16.66667
YCR039C:134-188	16.66667
YOR113W:391-768	16.66667
YLR176C:278-350	16.66667
YDR146C:215-630	16.66667
YDR207C:771-801	16.66667
YIR017C:108-167	16.66667
YOR344C:181-270	16.66667
YCR040W:1-175	16.66667
YML081W:29-869	16.66667
YGR249W:2-118	16.66667
YJL056C:292-834	16.66667
YDL048C:129-442	16.66667
YPR013C:17-316	16.66667
YCR096C:43-97	16.66667
YLR014C:28-70	16.66667
YNL167C:426-478	16.66667
YLR266C:25-68	16.27907
YBR239C:35-78	16.27907
YHL009C:161-205	15.90909
YIR013C:53-85	15.62500
YOL089C:130-169	15.38462
YDR259C:238-277	15.38462
YGL096W:218-251	15.15151
YDR303C:8-48	15.00000
YER040W:306-340	14.70588
YPL177C:186-220	14.70588
YGR067C:25-59	14.70588
YLR228C:39-80	14.63415
YKL222C:18-59	14.63415
YML099C:16-57	14.63415
YLL054C:9-50	14.63415
YBR066C:72-220	14.58333
YFR034C:248-312	14.58333
YLR375W:137-295	14.58333
YPL230W:11-101	14.58333
YJR060W:220-272	14.58333
YIL036W:425-475	14.58333
YOR140W:64-203	14.58333
YMR016C:437-509	14.58333
YJR147W:13-105	14.58333
YEL009C:86-279	14.58333
YOL028C:129-187	14.58333
YPR104C:461-546	14.58333
YKL043W:209-285	14.58333
YDL106C:78-134	14.58333
YDR448W:65-107	14.28571
YJL089W:40-82	14.28571
YDR034C:153-195	14.28571
YLR278C:48-69	14.28571
YMR070W:347-368	14.28571
YCR018C:168-203	14.28571
YOR172W:25-68	13.95349
YOR363C:20-56	13.88889
YOR380W:14-50	13.88889
YHR006W:204-226	13.63636
YKL185W:499-536	13.51351
YMR168C:9-39	13.33333
YHR056C:9-47	13.15789
YCR106W:10-48	13.15789
YDR216W:105-143	13.15789
YMR021C:2-40	13.15789
YJL127C:351-389	13.15789
YOL108C:43-82	12.82051
YGR288W:9-48	12.82051
YKL062W:573-624	12.50000
YLR098C:38-78	12.50000
YKL015W:28-68	12.50000
YFL052W:3-43	12.50000
YLR013W:72-104	12.50000
YDR423C:355-406	12.50000
YKR099W:116-212	12.50000
YER111C:56-122	12.50000
YOR298C-A:85-137	12.50000
YHR206W:87-190	12.50000
YCR065W:109-194	12.50000
YMR182C:20-96	12.50000
YIR018W:61-120	12.50000
YCR097W:72-126	12.50000
YPL038W:95-166	12.50000
YAL051W:61-101	12.50000
YGL237C:157-217	12.50000
YER045C:383-445	12.50000
YGL035C:35-95	12.50000
YLR256W:59-99	12.50000
YDR096W:828-868	12.50000
YGL073W:171-276	12.50000
YBR150C:101-149	12.50000
YNL216W:360-411	12.50000
YOR032C:268-344	12.50000
YER184C:12-53	12.19512
YOR337W:64-105	12.19512
YJL206C:41-82	12.19512
YKR064W:13-54	12.19512
YJL176C:526-568	11.90476
YDL170W:11-53	11.90476
YER088C:75-117	11.90476
YIR023W:149-183	11.76471
YBL054W:77-120	11.62791
YBL005W:14-49	11.42857
YKL038W:41-85	11.36364
YDR026C:345-389	11.36364
YBR033W:50-94	11.36364
YLR451W:31-76	11.11111
YBL066C:51-96	11.11111
YDR421W:19-64	11.11111
YNR063W:10-46	11.11111
YGL013C:40-77	10.81081
YPR008W:2-40	10.52632
YGL166W:2-40	10.52632
YPR015C:189-238	10.41667
YML027W:177-233	10.41667
YMR037C:647-698	10.41667
YDR451C:181-230	10.41667
YBR297W:4-43	10.25641
YMR019W:82-122	10.00000
YOR162C:49-90	9.75610
YMR280C:65-106	9.75610
YIL130W:15-56	9.75610
YBR049C:475-518	9.30233
YJL103C:14-57	9.30233
