YNL216W:360-411	100.00000
YER088C:75-117	23.80952
YBL054W:77-120	23.25581
YHR006W:204-226	22.72727
YML081W:29-869	21.56863
YOL108C:43-82	20.51282
YDL048C:129-442	19.60784
YLR131C:176-683	19.60784
YJR127C:137-990	19.60784
YLR278C:48-69	19.04762
YGL096W:218-251	18.18182
YPL177C:186-220	17.64706
YPL248C:50-643	17.64706
YIR023W:149-183	17.64706
YEL009C:86-279	17.64706
YKR099W:116-212	17.64706
YER130C:1-443	17.64706
YDR146C:215-630	17.64706
YPR022C:334-667	17.64706
YGL209W:1-255	17.64706
YJL110C:131-165	17.64706
YJL056C:292-834	17.64706
YHR206W:87-190	17.64706
YKR034W:31-65	17.64706
YDR303C:8-48	17.50000
YDR207C:771-801	16.66667
YPR015C:189-238	16.32653
YHL009C:161-205	15.90909
YDR216W:105-143	15.78947
YCR106W:10-48	15.78947
YCR096C:43-97	15.68628
YOR113W:391-768	15.68628
YPL230W:11-101	15.68628
YPR013C:17-316	15.68628
YHR124W:105-330	15.68628
YMR016C:437-509	15.68628
YCL066W:1-175	15.68628
YML007W:274-648	15.68628
YOR140W:64-203	15.68628
YCL067C:134-188	15.68628
YCR039C:134-188	15.68628
YNL027W:488-617	15.68628
YDR123C:235-295	15.68628
YCR040W:1-175	15.68628
YLR403W:57-683	15.68628
YER169W:522-759	15.68628
YDL056W:19-93	15.68628
YER028C:1-146	15.68628
YBR083W:67-486	15.68628
YIR018W:61-120	15.68628
YDR421W:19-64	15.55556
YFL021W:310-343	15.15151
YDR096W:828-868	15.00000
YDR520C:69-109	15.00000
YLR256W:59-99	15.00000
YGR067C:25-59	14.70588
YIL130W:15-56	14.63415
YMR280C:65-106	14.63415
YKL222C:18-59	14.63415
YJL206C:41-82	14.63415
YMR070W:347-368	14.28571
YPL133C:11-53	14.28571
YOR172W:25-68	13.95349
YOR363C:20-56	13.88889
YOL067C:73-102	13.79310
YKL062W:573-624	13.72549
YBR066C:72-220	13.72549
YPR104C:461-546	13.72549
YMR037C:647-698	13.72549
YOL028C:129-187	13.72549
YDR253C:41-191	13.72549
YER111C:56-122	13.72549
YLR375W:137-295	13.72549
YDR043C:21-229	13.72549
YBL103C:284-349	13.72549
YDL106C:78-134	13.72549
YOR032C:268-344	13.72549
YPL038W:95-166	13.72549
YJR147W:13-105	13.72549
YCR065W:109-194	13.72549
YOR298C-A:85-137	13.72549
YKL043W:209-285	13.72549
YGR249W:2-118	13.72549
YNL068C:340-439	13.72549
YHL027W:41-545	13.72549
YDR026C:345-389	13.63636
YKL038W:41-85	13.63636
YKL185W:499-536	13.51351
YHR178W:21-58	13.51351
YGL013C:40-77	13.51351
YLR451W:31-76	13.33333
YJL127C:351-389	13.15789
YMR021C:2-40	13.15789
YGL166W:2-40	13.15789
YPR008W:2-40	13.15789
YBR297W:4-43	12.82051
YOL089C:130-169	12.82051
YGR288W:9-48	12.82051
YAL051W:61-101	12.50000
YKL015W:28-68	12.50000
YBR150C:101-149	12.50000
YLR013W:72-104	12.50000
YIR013C:53-85	12.50000
YMR042W:88-136	12.50000
YKR064W:13-54	12.19512
YML099C:16-57	12.19512
YLR228C:39-80	12.19512
YER184C:12-53	12.19512
YLL054C:9-50	12.19512
YBR182C:9-59	12.00000
YPL089C:9-59	12.00000
YMR043W:24-74	12.00000
YDR448W:65-107	11.90476
YDL170W:11-53	11.90476
YJL176C:526-568	11.90476
YOR344C:181-270	11.76471
YFR034C:248-312	11.76471
YIR017C:108-167	11.76471
YER045C:383-445	11.76471
YJR060W:220-272	11.76471
YGL073W:171-276	11.76471
YDR423C:355-406	11.76471
YLR176C:278-350	11.76471
YML027W:177-233	11.76471
YIL131C:303-402	11.76471
YGL237C:157-217	11.76471
YER040W:306-340	11.76471
YMR182C:20-96	11.76471
YLR266C:25-68	11.62791
YBR049C:475-518	11.62791
YJL103C:14-57	11.62791
YBL005W:14-49	11.42857
YPL021W:132-167	11.42857
YCR018C:168-203	11.42857
YBR033W:50-94	11.36364
YOR380W:14-50	11.11111
YBL066C:51-96	11.11111
YNR063W:10-46	11.11111
YBR240C:24-62	10.52632
YHR056C:9-47	10.52632
YDR259C:238-277	10.25641
YLR098C:38-78	10.00000
YFL052W:3-43	10.00000
YIL036W:425-475	10.00000
YMR168C:9-39	10.00000
YMR019W:82-122	10.00000
YOR028C:235-295	9.80392
YNL167C:426-478	9.80392
YCR097W:72-126	9.80392
YGL035C:35-95	9.80392
YOR337W:64-105	9.75610
YDR213W:46-87	9.75610
YOR162C:49-90	9.75610
YDR034C:153-195	9.52381
YLR014C:28-70	9.52381
YJL089W:40-82	9.52381
YBR239C:35-78	9.30233
YDR451C:181-230	8.16327
