YPL089C:9-59	100.00000
YBR182C:9-59	92.00000
YMR042W:88-136	41.66667
YMR043W:24-74	40.00000
YLR131C:176-683	26.00000
YMR070W:347-368	23.80952
YBR083W:67-486	22.00000
YEL009C:86-279	22.00000
YKR034W:31-65	20.58824
YPL177C:186-220	20.58824
YER130C:1-443	20.00000
YDR146C:215-630	20.00000
YPR022C:334-667	20.00000
YOR140W:64-203	20.00000
YKR064W:13-54	19.51219
YDR448W:65-107	19.04762
YPL133C:11-53	19.04762
YLR278C:48-69	19.04762
YHR006W:204-226	18.18182
YNL167C:426-478	18.00000
YPL248C:50-643	18.00000
YJR127C:137-990	18.00000
YML007W:274-648	18.00000
YNL027W:488-617	18.00000
YDL048C:129-442	18.00000
YOR028C:235-295	18.00000
YML081W:29-869	18.00000
YOL108C:43-82	17.94872
YDR259C:238-277	17.94872
YER040W:306-340	17.64706
YJL110C:131-165	17.64706
YDR520C:69-109	17.50000
YBL005W:14-49	17.14286
YOR380W:14-50	16.66667
YMR168C:9-39	16.66667
YLR266C:25-68	16.27907
YHR178W:21-58	16.21622
YPR013C:17-316	16.00000
YBR066C:72-220	16.00000
YLR403W:57-683	16.00000
YCL066W:1-175	16.00000
YGL073W:171-276	16.00000
YOR113W:391-768	16.00000
YIL036W:425-475	16.00000
YDL056W:19-93	16.00000
YER028C:1-146	16.00000
YFR034C:248-312	16.00000
YOL028C:129-187	16.00000
YOR344C:181-270	16.00000
YDR253C:41-191	16.00000
YIR018W:61-120	16.00000
YJL056C:292-834	16.00000
YLR176C:278-350	16.00000
YER169W:522-759	16.00000
YDR043C:21-229	16.00000
YBL103C:284-349	16.00000
YHL027W:41-545	16.00000
YLR375W:137-295	16.00000
YCR040W:1-175	16.00000
YML027W:177-233	16.00000
YMR021C:2-40	15.78947
YCR106W:10-48	15.78947
YBR240C:24-62	15.78947
YJL127C:351-389	15.78947
YDR421W:19-64	15.55556
YLR451W:31-76	15.55556
YBR297W:4-43	15.38462
YFL021W:310-343	15.15151
YGL096W:218-251	15.15151
YMR019W:82-122	15.00000
YLR098C:38-78	15.00000
YLR256W:59-99	15.00000
YML099C:16-57	14.63415
YLL054C:9-50	14.63415
YOR162C:49-90	14.63415
YJL206C:41-82	14.63415
YER184C:12-53	14.63415
YPL021W:132-167	14.28571
YJL089W:40-82	14.28571
YCR018C:168-203	14.28571
YDR451C:181-230	14.28571
YER045C:383-445	14.00000
YMR182C:20-96	14.00000
YCR097W:72-126	14.00000
YHR124W:105-330	14.00000
YCL067C:134-188	14.00000
YJR147W:13-105	14.00000
YCR096C:43-97	14.00000
YCR039C:134-188	14.00000
YER111C:56-122	14.00000
YPL038W:95-166	14.00000
YKL043W:209-285	14.00000
YOR032C:268-344	14.00000
YIL131C:303-402	14.00000
YHR206W:87-190	14.00000
YCR065W:109-194	14.00000
YDR123C:235-295	14.00000
YGL209W:1-255	14.00000
YGR249W:2-118	14.00000
YIR017C:108-167	14.00000
YOR298C-A:85-137	14.00000
YOR172W:25-68	13.95349
YBL054W:77-120	13.95349
YOL067C:73-102	13.79310
YBR033W:50-94	13.63636
YHL009C:161-205	13.63636
YGL013C:40-77	13.51351
YKL185W:499-536	13.51351
YDR207C:771-801	13.33333
YDR216W:105-143	13.15789
YHR056C:9-47	13.15789
YGR288W:9-48	12.82051
YOL089C:130-169	12.82051
YBR150C:101-149	12.50000
YAL051W:61-101	12.50000
YDR303C:8-48	12.50000
YDR096W:828-868	12.50000
YFL052W:3-43	12.50000
YIR013C:53-85	12.50000
YLR013W:72-104	12.50000
YKL015W:28-68	12.50000
YMR280C:65-106	12.19512
YKL222C:18-59	12.19512
YLR228C:39-80	12.19512
YDR213W:46-87	12.19512
YOR337W:64-105	12.19512
YIL130W:15-56	12.19512
YGL237C:157-217	12.00000
YMR016C:437-509	12.00000
YJR060W:220-272	12.00000
YNL216W:360-411	12.00000
YNL068C:340-439	12.00000
YGL035C:35-95	12.00000
YKR099W:116-212	12.00000
YPR104C:461-546	12.00000
YDR423C:355-406	12.00000
YPL230W:11-101	12.00000
YKL062W:573-624	12.00000
YDL106C:78-134	12.00000
YDR034C:153-195	11.90476
YLR014C:28-70	11.90476
YDL170W:11-53	11.90476
YJL176C:526-568	11.90476
YER088C:75-117	11.90476
YGR067C:25-59	11.76471
YIR023W:149-183	11.76471
YBR049C:475-518	11.62791
YJL103C:14-57	11.62791
YDR026C:345-389	11.36364
YKL038W:41-85	11.36364
YOR363C:20-56	11.11111
YNR063W:10-46	11.11111
YBL066C:51-96	11.11111
YPR008W:2-40	10.52632
YGL166W:2-40	10.52632
YPR015C:189-238	10.20408
YMR037C:647-698	10.00000
YBR239C:35-78	9.30233
