YPL230W:11-101	100.00000
YMR182C:20-96	53.94737
YGR067C:25-59	50.00000
YDR216W:105-143	50.00000
YKL062W:573-624	43.13726
YMR037C:647-698	43.13726
YMR070W:347-368	42.85714
YGL035C:35-95	36.66667
YHR006W:204-226	36.36364
YDR096W:828-868	35.00000
YER130C:1-443	32.22222
YML081W:29-869	30.00000
YNL027W:488-617	28.88889
YLR278C:48-69	28.57143
YOR113W:391-768	27.77778
YDR253C:41-191	27.77778
YDR043C:21-229	26.66667
YJR127C:137-990	26.66667
YBR066C:72-220	26.66667
YGL209W:1-255	26.66667
YPL038W:95-166	25.35211
YPR015C:189-238	24.48980
YER169W:522-759	24.44444
YJL056C:292-834	24.44444
YER028C:1-146	24.44444
YLR228C:39-80	24.39024
YDR146C:215-630	23.33333
YHL027W:41-545	23.33333
YBL005W:14-49	22.85714
YLR131C:176-683	22.22222
YPR013C:17-316	21.11111
YHR056C:9-47	21.05263
YKR034W:31-65	20.58824
YOL089C:130-169	20.51282
YHL009C:161-205	20.45454
YBR033W:50-94	20.45454
YLR403W:57-683	20.00000
YLR256W:59-99	20.00000
YDR303C:8-48	20.00000
YMR168C:9-39	20.00000
YAL051W:61-101	20.00000
YLR098C:38-78	20.00000
YOR162C:49-90	19.51219
YER184C:12-53	19.51219
YKL222C:18-59	19.51219
YOR380W:14-50	19.44444
YOR363C:20-56	19.44444
YNR063W:10-46	19.44444
YLR014C:28-70	19.04762
YGL013C:40-77	18.91892
YIR013C:53-85	18.75000
YJL103C:14-57	18.60465
YPR008W:2-40	18.42105
YBR240C:24-62	18.42105
YJL127C:351-389	18.42105
YFL021W:310-343	18.18182
YGL096W:218-251	18.18182
YGR288W:9-48	17.94872
YPL177C:186-220	17.64706
YER040W:306-340	17.64706
YFL052W:3-43	17.50000
YKL015W:28-68	17.50000
YMR019W:82-122	17.50000
YOL067C:73-102	17.24138
YCR018C:168-203	17.14286
YIL130W:15-56	17.07317
YML099C:16-57	17.07317
YKR064W:13-54	17.07317
YJL206C:41-82	17.07317
YDR213W:46-87	17.07317
YDR034C:153-195	16.66667
YDR207C:771-801	16.66667
YJL089W:40-82	16.66667
YDL048C:129-442	16.66667
YPL133C:11-53	16.66667
YBL054W:77-120	16.27907
YOR172W:25-68	16.27907
YBR049C:475-518	16.27907
YKL185W:499-536	16.21622
YHR178W:21-58	16.21622
YML027W:177-233	16.07143
YIL036W:425-475	16.00000
YKL038W:41-85	15.90909
YMR021C:2-40	15.78947
YGL166W:2-40	15.78947
YNL216W:360-411	15.68628
YLR013W:72-104	15.62500
YBL066C:51-96	15.55556
YLR451W:31-76	15.55556
YDR421W:19-64	15.55556
YOL108C:43-82	15.38462
YJR060W:220-272	15.38462
YBR297W:4-43	15.38462
YDR259C:238-277	15.38462
YNL167C:426-478	15.09434
YGL237C:157-217	15.00000
YDR520C:69-109	15.00000
YIR023W:149-183	14.70588
YJL110C:131-165	14.70588
YMR280C:65-106	14.63415
YOR337W:64-105	14.63415
YLL054C:9-50	14.63415
YMR042W:88-136	14.58333
YBR150C:101-149	14.58333
YPL248C:50-643	14.44444
YBR083W:67-486	14.44444
YHR124W:105-330	14.44444
YDL170W:11-53	14.28571
YDR451C:181-230	14.28571
YDR448W:65-107	14.28571
YER088C:75-117	14.28571
YPL021W:132-167	14.28571
YFR034C:248-312	14.06250
YMR043W:24-74	14.00000
YBR239C:35-78	13.95349
YLR266C:25-68	13.95349
YMR016C:437-509	13.88889
YLR176C:278-350	13.88889
YOL028C:129-187	13.79310
YDR026C:345-389	13.63636
YIR017C:108-167	13.55932
YIR018W:61-120	13.55932
YOR298C-A:85-137	13.46154
YML007W:274-648	13.33333
YPR022C:334-667	13.33333
YDR123C:235-295	13.33333
YCL066W:1-175	13.33333
YOR028C:235-295	13.33333
YLR375W:137-295	13.33333
YEL009C:86-279	13.33333
YCR040W:1-175	13.33333
YOR032C:268-344	13.15789
YKL043W:209-285	13.15789
YCR106W:10-48	13.15789
YCR097W:72-126	12.96296
YER045C:383-445	12.90323
YDL106C:78-134	12.50000
YIL131C:303-402	12.22222
YGL073W:171-276	12.22222
YGR249W:2-118	12.22222
YER111C:56-122	12.12121
YBR182C:9-59	12.00000
YPL089C:9-59	12.00000
YJL176C:526-568	11.90476
YPR104C:461-546	11.76471
YDR423C:355-406	11.76471
YJR147W:13-105	11.11111
YCR039C:134-188	11.11111
YHR206W:87-190	11.11111
YCL067C:134-188	11.11111
YOR140W:64-203	11.11111
YCR096C:43-97	11.11111
YDL056W:19-93	10.81081
YBL103C:284-349	10.76923
YCR065W:109-194	10.58823
YOR344C:181-270	10.11236
YNL068C:340-439	10.00000
YKR099W:116-212	8.88889
