YDR123C:235-295	100.00000
YER184C:12-53	24.39024
YOL108C:43-82	23.07692
YOR380W:14-50	22.22222
YLR451W:31-76	22.22222
YKR064W:13-54	21.95122
YJL089W:40-82	21.42857
YPL177C:186-220	20.58824
YAL051W:61-101	20.00000
YOR032C:268-344	20.00000
YLR131C:176-683	20.00000
YFL052W:3-43	20.00000
YMR168C:9-39	20.00000
YNR063W:10-46	19.44444
YJR060W:220-272	19.23077
YLR278C:48-69	19.04762
YDR448W:65-107	19.04762
YMR070W:347-368	19.04762
YHR178W:21-58	18.91892
YCR097W:72-126	18.51852
YCR106W:10-48	18.42105
YHR056C:9-47	18.42105
YMR021C:2-40	18.42105
YPR008W:2-40	18.42105
YEL009C:86-279	18.33333
YOR344C:181-270	18.33333
YJR127C:137-990	18.33333
YPR022C:334-667	18.33333
YER169W:522-759	18.33333
YDR043C:21-229	18.33333
YHR006W:204-226	18.18182
YGL096W:218-251	18.18182
YIL036W:425-475	18.00000
YDR421W:19-64	17.77778
YIR023W:149-183	17.64706
YJL110C:131-165	17.64706
YLR098C:38-78	17.50000
YDR096W:828-868	17.50000
YDR303C:8-48	17.50000
YOL067C:73-102	17.24138
YBL005W:14-49	17.14286
YML099C:16-57	17.07317
YOR337W:64-105	17.07317
YLR228C:39-80	17.07317
YOR162C:49-90	17.07317
YDR034C:153-195	16.66667
YBR083W:67-486	16.66667
YBR150C:101-149	16.66667
YCR040W:1-175	16.66667
YER028C:1-146	16.66667
YML081W:29-869	16.66667
YDR146C:215-630	16.66667
YLR014C:28-70	16.66667
YMR042W:88-136	16.66667
YJL056C:292-834	16.66667
YCL066W:1-175	16.66667
YDR207C:771-801	16.66667
YLR375W:137-295	16.66667
YLR403W:57-683	16.66667
YHL027W:41-545	16.66667
YPL248C:50-643	16.66667
YOR363C:20-56	16.66667
YER130C:1-443	16.66667
YPR015C:189-238	16.32653
YDR451C:181-230	16.32653
YBR239C:35-78	16.27907
YJL103C:14-57	16.27907
YLR266C:25-68	16.27907
YGL013C:40-77	16.21622
YML027W:177-233	16.07143
YDL106C:78-134	16.07143
YMR043W:24-74	16.00000
YKL038W:41-85	15.90909
YDR026C:345-389	15.90909
YHL009C:161-205	15.90909
YGL166W:2-40	15.78947
YBR240C:24-62	15.78947
YJL127C:351-389	15.78947
YKL062W:573-624	15.68628
YNL216W:360-411	15.68628
YLR013W:72-104	15.62500
YOL028C:129-187	15.51724
YOR298C-A:85-137	15.38462
YOL089C:130-169	15.38462
YDR259C:238-277	15.38462
YIR018W:61-120	15.25424
YIR017C:108-167	15.25424
YFL021W:310-343	15.15151
YNL167C:426-478	15.09434
YDR520C:69-109	15.00000
YPR013C:17-316	15.00000
YDL048C:129-442	15.00000
YBR066C:72-220	15.00000
YLR256W:59-99	15.00000
YGL209W:1-255	15.00000
YDR253C:41-191	15.00000
YMR019W:82-122	15.00000
YGR249W:2-118	15.00000
YHR124W:105-330	15.00000
YOR113W:391-768	15.00000
YDL056W:19-93	15.00000
YMR182C:20-96	15.00000
YML007W:274-648	15.00000
YER045C:383-445	15.00000
YGL035C:35-95	15.00000
YOR028C:235-295	15.00000
YCR096C:43-97	14.81481
YCR039C:134-188	14.81481
YCL067C:134-188	14.81481
YER040W:306-340	14.70588
YGR067C:25-59	14.70588
YKR034W:31-65	14.70588
YDR213W:46-87	14.63415
YJL206C:41-82	14.63415
YMR280C:65-106	14.63415
YLL054C:9-50	14.63415
YIL130W:15-56	14.63415
YKL222C:18-59	14.63415
YPL133C:11-53	14.28571
YCR018C:168-203	14.28571
YDL170W:11-53	14.28571
YPL089C:9-59	14.00000
YBR182C:9-59	14.00000
YBR049C:475-518	13.95349
YOR172W:25-68	13.95349
YMR037C:647-698	13.72549
YBR033W:50-94	13.63636
YKL185W:499-536	13.51351
YIL131C:303-402	13.33333
YER111C:56-122	13.33333
YOR140W:64-203	13.33333
YFR034C:248-312	13.33333
YBL103C:284-349	13.33333
YPL038W:95-166	13.33333
YKR099W:116-212	13.33333
YGL237C:157-217	13.33333
YPL230W:11-101	13.33333
YKL043W:209-285	13.33333
YHR206W:87-190	13.33333
YJR147W:13-105	13.33333
YNL068C:340-439	13.33333
YNL027W:488-617	13.33333
YBL066C:51-96	13.33333
YMR016C:437-509	13.33333
YDR216W:105-143	13.15789
YGR288W:9-48	12.82051
YBR297W:4-43	12.82051
YIR013C:53-85	12.50000
YKL015W:28-68	12.50000
YER088C:75-117	11.90476
YJL176C:526-568	11.90476
YDR423C:355-406	11.76471
YGL073W:171-276	11.66667
YPR104C:461-546	11.66667
YCR065W:109-194	11.66667
YLR176C:278-350	11.66667
YBL054W:77-120	11.62791
YPL021W:132-167	11.42857
