YLR131C:176-683	96.64694
YMR070W:347-368	42.85714
YGL035C:35-95	33.33333
YDR146C:215-630	33.25301
YPR015C:189-238	32.65306
YDR216W:105-143	31.57895
YDR096W:828-868	27.50000
YHR006W:204-226	27.27273
YPL089C:9-59	26.00000
YOL108C:43-82	25.64103
YKL062W:573-624	25.49020
YHL009C:161-205	25.00000
YER184C:12-53	24.39024
YFL021W:310-343	24.24242
YGL096W:218-251	24.24242
YNL027W:488-617	24.03101
YBR182C:9-59	24.00000
YJL176C:526-568	23.80952
YLR278C:48-69	23.80952
YJL110C:131-165	23.52941
YGR067C:25-59	23.52941
YPL177C:186-220	23.52941
YMR037C:647-698	23.52941
YDR259C:238-277	23.07692
YPL230W:11-101	22.22222
YLR451W:31-76	22.22222
YOR162C:49-90	21.95122
YML099C:16-57	21.95122
YFR034C:248-312	21.87500
YHR178W:21-58	21.62162
YKL185W:499-536	21.62162
YJR060W:220-272	21.15385
YGL166W:2-40	21.05263
YHR056C:9-47	21.05263
YER045C:383-445	20.96774
YNL167C:426-478	20.75472
YOL067C:73-102	20.68965
YOL028C:129-187	20.68965
YER040W:306-340	20.58824
YIR023W:149-183	20.58824
YKR034W:31-65	20.58824
YOL089C:130-169	20.51282
YDR026C:345-389	20.45454
YDR451C:181-230	20.40816
YIR017C:108-167	20.33898
YIR018W:61-120	20.33898
YOR028C:235-295	20.00000
YDR123C:235-295	20.00000
YBL005W:14-49	20.00000
YCR018C:168-203	20.00000
YDR303C:8-48	20.00000
YBL066C:51-96	20.00000
YIL036W:425-475	20.00000
YMR168C:9-39	20.00000
YLR098C:38-78	20.00000
YPL021W:132-167	20.00000
YMR182C:20-96	19.73684
YPL038W:95-166	19.71831
YML027W:177-233	19.64286
YNL216W:360-411	19.60784
YDR213W:46-87	19.51219
YKR064W:13-54	19.51219
YOR337W:64-105	19.51219
YNR063W:10-46	19.44444
YOR298C-A:85-137	19.23077
YJL089W:40-82	19.04762
YER088C:75-117	19.04762
YLR014C:28-70	19.04762
YPL133C:11-53	19.04762
YDL170W:11-53	19.04762
YDR034C:153-195	19.04762
YGL013C:40-77	18.91892
YIR013C:53-85	18.75000
YLR013W:72-104	18.75000
YMR042W:88-136	18.75000
YOR172W:25-68	18.60465
YBR239C:35-78	18.60465
YCR096C:43-97	18.51852
YCL067C:134-188	18.51852
YCR097W:72-126	18.51852
YCR039C:134-188	18.51852
YJL127C:351-389	18.42105
YPR008W:2-40	18.42105
YCR106W:10-48	18.42105
YBR240C:24-62	18.42105
YER111C:56-122	18.18182
YKL038W:41-85	18.18182
YMR043W:24-74	18.00000
YBR297W:4-43	17.94872
YGR288W:9-48	17.94872
YDR421W:19-64	17.77778
YPR104C:461-546	17.64706
YKL015W:28-68	17.50000
YMR019W:82-122	17.50000
YLR256W:59-99	17.50000
YAL051W:61-101	17.50000
YFL052W:3-43	17.50000
YDR520C:69-109	17.50000
YOR032C:268-344	17.10526
YLR228C:39-80	17.07317
YKL222C:18-59	17.07317
YJL206C:41-82	17.07317
YIL130W:15-56	17.07317
YLL054C:9-50	17.07317
YBL103C:284-349	16.92308
YER169W:522-759	16.87764
YDR043C:21-229	16.82692
YBR150C:101-149	16.66667
YOR380W:14-50	16.66667
YDR207C:771-801	16.66667
YDR448W:65-107	16.66667
YLR266C:25-68	16.27907
YBL054W:77-120	16.27907
YJL103C:14-57	16.27907
YBR049C:475-518	16.27907
YDL106C:78-134	16.07143
YBR033W:50-94	15.90909
YMR021C:2-40	15.78947
YKL043W:209-285	15.78947
YDR423C:355-406	15.68628
YKR099W:116-212	15.62500
YBR066C:72-220	15.54054
YPR013C:17-316	15.38462
YCR065W:109-194	15.29412
YMR016C:437-509	15.27778
YLR176C:278-350	15.27778
YLR375W:137-295	15.18987
YER028C:1-146	15.17241
YNL068C:340-439	15.15151
YIL131C:303-402	15.15151
YGL237C:157-217	15.00000
YMR280C:65-106	14.63415
YOR344C:181-270	14.60674
YHR206W:87-190	14.56311
YEL009C:86-279	13.98964
YOR363C:20-56	13.88889
YGR249W:2-118	13.79310
YDL056W:19-93	13.51351
YGL073W:171-276	13.33333
YJR147W:13-105	13.04348
YGL209W:1-255	12.99213
YER130C:1-443	12.89593
YDR253C:41-191	12.66667
YPR022C:334-667	12.61261
YML007W:274-648	12.56685
YOR140W:64-203	12.23022
YJR127C:137-990	12.22880
YCR040W:1-175	12.06897
YCL066W:1-175	12.06897
YJL056C:292-834	11.83432
YBR083W:67-486	11.69451
YOR113W:391-768	11.67109
YHR124W:105-330	11.55556
YDL048C:129-442	11.50160
YML081W:29-869	11.24260
YLR403W:57-683	11.24260
YPL248C:50-643	10.84813
YHL027W:41-545	10.11905
