YOR113W:391-768	100.00000
YMR070W:347-368	47.61905
YMR037C:647-698	45.09804
YDR096W:828-868	42.50000
YDR216W:105-143	42.10526
YGR067C:25-59	41.17647
YKL062W:573-624	41.17647
YHR006W:204-226	40.90909
YPR015C:189-238	38.77551
YGL035C:35-95	38.33333
YMR182C:20-96	30.26316
YLR098C:38-78	30.00000
YPL038W:95-166	28.16901
YPL230W:11-101	27.77778
YFL021W:310-343	27.27273
YNL027W:488-617	26.35659
YKL185W:499-536	24.32432
YLR278C:48-69	23.80952
YHR056C:9-47	23.68421
YIR023W:149-183	23.52941
YMR168C:9-39	23.33333
YDR207C:771-801	23.33333
YOL089C:130-169	23.07692
YJR060W:220-272	23.07692
YLR256W:59-99	22.50000
YNR063W:10-46	22.22222
YOR363C:20-56	22.22222
YOR337W:64-105	21.95122
YLR014C:28-70	21.42857
YJL176C:526-568	21.42857
YDL170W:11-53	21.42857
YGL096W:218-251	21.21212
YJL127C:351-389	21.05263
YCR106W:10-48	21.05263
YBR049C:475-518	20.93023
YLR266C:25-68	20.93023
YDR253C:41-191	20.66667
YPL177C:186-220	20.58824
YJL110C:131-165	20.58824
YKR034W:31-65	20.58824
YBR297W:4-43	20.51282
YHL009C:161-205	20.45454
YLR451W:31-76	20.00000
YCR018C:168-203	20.00000
YPL021W:132-167	20.00000
YMR019W:82-122	20.00000
YER028C:1-146	20.00000
YDR520C:69-109	20.00000
YDR303C:8-48	20.00000
YOR028C:235-295	20.00000
YBL005W:14-49	20.00000
YDL106C:78-134	19.64286
YLL054C:9-50	19.51219
YOR162C:49-90	19.51219
YMR016C:437-509	19.44444
YOR380W:14-50	19.44444
YOR298C-A:85-137	19.23077
YDR034C:153-195	19.04762
YPL133C:11-53	19.04762
YJL089W:40-82	19.04762
YDR448W:65-107	19.04762
YGL013C:40-77	18.91892
YBR066C:72-220	18.91892
YNL167C:426-478	18.86792
YLR013W:72-104	18.75000
YBR150C:101-149	18.75000
YIR013C:53-85	18.75000
YIR017C:108-167	18.64407
YIR018W:61-120	18.64407
YJL103C:14-57	18.60465
YOR172W:25-68	18.60465
YCR096C:43-97	18.51852
YCR039C:134-188	18.51852
YCL067C:134-188	18.51852
YBL103C:284-349	18.46154
YGL166W:2-40	18.42105
YPR008W:2-40	18.42105
YBR240C:24-62	18.42105
YGL237C:157-217	18.33333
YIL036W:425-475	18.00000
YMR043W:24-74	18.00000
YGR288W:9-48	17.94872
YDR259C:238-277	17.94872
YOL108C:43-82	17.94872
YDR421W:19-64	17.77778
YBL066C:51-96	17.77778
YKR099W:116-212	17.70833
YER040W:306-340	17.64706
YDL056W:19-93	17.56757
YKL015W:28-68	17.50000
YAL051W:61-101	17.50000
YFL052W:3-43	17.50000
YER169W:522-759	17.29958
YOL067C:73-102	17.24138
YFR034C:248-312	17.18750
YOR032C:268-344	17.10526
YKL043W:209-285	17.10526
YER184C:12-53	17.07317
YKR064W:13-54	17.07317
YKL222C:18-59	17.07317
YDR213W:46-87	17.07317
YIL130W:15-56	17.07317
YJL206C:41-82	17.07317
YLR228C:39-80	17.07317
YMR280C:65-106	17.07317
YDR043C:21-229	16.82692
YMR042W:88-136	16.66667
YER088C:75-117	16.66667
YCR097W:72-126	16.66667
YDR451C:181-230	16.32653
YJR147W:13-105	16.30435
YBR239C:35-78	16.27907
YHR178W:21-58	16.21622
YER045C:383-445	16.12903
YPL089C:9-59	16.00000
YDR026C:345-389	15.90909
YKL038W:41-85	15.90909
YBR033W:50-94	15.90909
YMR021C:2-40	15.78947
YNL216W:360-411	15.68628
YDR423C:355-406	15.68628
YOL028C:129-187	15.51724
YLR176C:278-350	15.27778
YGL073W:171-276	15.23809
YER111C:56-122	15.15151
YJL056C:292-834	15.11936
YDR123C:235-295	15.00000
YML099C:16-57	14.63415
YOR344C:181-270	14.60674
YLR375W:137-295	14.55696
YML027W:177-233	14.28571
YPR104C:461-546	14.11765
YBR182C:9-59	14.00000
YBL054W:77-120	13.95349
YGR249W:2-118	13.79310
YHR206W:87-190	13.59223
YEL009C:86-279	13.47150
YNL068C:340-439	13.13131
YIL131C:303-402	13.13131
YPR013C:17-316	13.04348
YCR065W:109-194	12.94118
YER130C:1-443	12.46684
YHR124W:105-330	12.44444
YOR140W:64-203	12.23022
YDL048C:129-442	12.14058
YML081W:29-869	11.93634
YDR146C:215-630	11.93634
YJR127C:137-990	11.93634
YGL209W:1-255	11.81102
YLR131C:176-683	11.67109
YCR040W:1-175	11.49425
YCL066W:1-175	11.49425
YPL248C:50-643	11.40584
YHL027W:41-545	11.40584
YML007W:274-648	11.22995
YLR403W:57-683	11.14058
YPR022C:334-667	11.11111
YBR083W:67-486	10.34483
