YPR104C:461-546	100.00000
YCR065W:109-194	35.29412
YNL068C:340-439	35.29412
YIL131C:303-402	32.94118
YOL067C:73-102	27.58621
YMR070W:347-368	23.80952
YDR026C:345-389	20.45454
YIL036W:425-475	20.00000
YDR034C:153-195	19.04762
YLR278C:48-69	19.04762
YLR013W:72-104	18.75000
YGL166W:2-40	18.42105
YCR106W:10-48	18.42105
YHR006W:204-226	18.18182
YGL096W:218-251	18.18182
YHL009C:161-205	18.18182
YPL177C:186-220	17.64706
YLR131C:176-683	17.64706
YIR023W:149-183	17.64706
YER040W:306-340	17.64706
YKR034W:31-65	17.64706
YDR096W:828-868	17.50000
YKL015W:28-68	17.50000
YAL051W:61-101	17.50000
YOR298C-A:85-137	17.30769
YCR018C:168-203	17.14286
YPL021W:132-167	17.14286
YBL005W:14-49	17.14286
YOR032C:268-344	17.10526
YKL222C:18-59	17.07317
YIR018W:61-120	16.94915
YBL103C:284-349	16.92308
YDL170W:11-53	16.66667
YCR097W:72-126	16.66667
YOR363C:20-56	16.66667
YGL237C:157-217	16.66667
YLR014C:28-70	16.66667
YNR063W:10-46	16.66667
YDR207C:771-801	16.66667
YBR083W:67-486	16.47059
YBR049C:475-518	16.27907
YBR239C:35-78	16.27907
YKL185W:499-536	16.21622
YER045C:383-445	16.12903
YDL106C:78-134	16.07143
YKL038W:41-85	15.90909
YJL127C:351-389	15.78947
YMR021C:2-40	15.78947
YPR008W:2-40	15.78947
YDR423C:355-406	15.68628
YIR013C:53-85	15.62500
YDR421W:19-64	15.55556
YGR288W:9-48	15.38462
YBR297W:4-43	15.38462
YDR259C:238-277	15.38462
YOL108C:43-82	15.38462
YER169W:522-759	15.29412
YML007W:274-648	15.29412
YJR127C:137-990	15.29412
YDR146C:215-630	15.29412
YPR022C:334-667	15.29412
YHR124W:105-330	15.29412
YEL009C:86-279	15.29412
YPL248C:50-643	15.29412
YFL021W:310-343	15.15151
YNL167C:426-478	15.09434
YMR019W:82-122	15.00000
YJL110C:131-165	14.70588
YGR067C:25-59	14.70588
YOR162C:49-90	14.63415
YLR228C:39-80	14.63415
YKR064W:13-54	14.63415
YMR280C:65-106	14.63415
YLL054C:9-50	14.63415
YER184C:12-53	14.63415
YIL130W:15-56	14.63415
YDR213W:46-87	14.63415
YJL206C:41-82	14.63415
YMR042W:88-136	14.58333
YBR150C:101-149	14.58333
YJL176C:526-568	14.28571
YPL133C:11-53	14.28571
YER088C:75-117	14.28571
YDR448W:65-107	14.28571
YDR451C:181-230	14.28571
YOR140W:64-203	14.11765
YGR249W:2-118	14.11765
YOR113W:391-768	14.11765
YER130C:1-443	14.11765
YOR344C:181-270	14.11765
YDR043C:21-229	14.11765
YHL027W:41-545	14.11765
YML081W:29-869	14.11765
YDL048C:129-442	14.11765
YBR182C:9-59	14.00000
YMR043W:24-74	14.00000
YBL054W:77-120	13.95349
YJL103C:14-57	13.95349
YOR380W:14-50	13.88889
YLR176C:278-350	13.88889
YMR037C:647-698	13.72549
YNL216W:360-411	13.72549
YBR033W:50-94	13.63636
YIR017C:108-167	13.55932
YHR178W:21-58	13.51351
YGL013C:40-77	13.51351
YJR060W:220-272	13.46154
YOR028C:235-295	13.33333
YBL066C:51-96	13.33333
YMR168C:9-39	13.33333
YHR056C:9-47	13.15789
YDR216W:105-143	13.15789
YMR182C:20-96	13.15789
YCR039C:134-188	12.96296
YCL067C:134-188	12.96296
YCR096C:43-97	12.96296
YCR040W:1-175	12.94118
YCL066W:1-175	12.94118
YPR013C:17-316	12.94118
YNL027W:488-617	12.94118
YDR253C:41-191	12.94118
YGL073W:171-276	12.94118
YLR403W:57-683	12.94118
YHR206W:87-190	12.94118
YOL089C:130-169	12.82051
YPL038W:95-166	12.67606
YLR256W:59-99	12.50000
YMR016C:437-509	12.50000
YFL052W:3-43	12.50000
YDR520C:69-109	12.50000
YML027W:177-233	12.50000
YDR303C:8-48	12.50000
YPR015C:189-238	12.24490
YML099C:16-57	12.19512
YOR337W:64-105	12.19512
YDL056W:19-93	12.16216
YOL028C:129-187	12.06897
YPL089C:9-59	12.00000
YJL089W:40-82	11.90476
YLR375W:137-295	11.76471
YGL209W:1-255	11.76471
YBR066C:72-220	11.76471
YJL056C:292-834	11.76471
YKL062W:573-624	11.76471
YPL230W:11-101	11.76471
YDR123C:235-295	11.66667
YGL035C:35-95	11.66667
YLR266C:25-68	11.62791
YOR172W:25-68	11.62791
YLR451W:31-76	11.11111
YFR034C:248-312	10.93750
YJR147W:13-105	10.58823
YER028C:1-146	10.58823
YKR099W:116-212	10.58823
YBR240C:24-62	10.52632
YKL043W:209-285	10.52632
YLR098C:38-78	10.00000
YER111C:56-122	9.09091
